%Zachary Vogel
%mechatronics height to distance curve
%pixels to inches.
distance=[24,36,48,60,72,84,96,108,120];
pix_height=[1200,480,370,300,255,225,190,167,152];

%f(x)=-6.406*10^(-7)*x^3+0.001389*x^2-0.9134*x+226.1
%where x is pixel height
